54315961 54317773
54316004 54317773
54340556 54341287
54343465 54344428
54344563 54369435
54346694 54376693
54442618 54443585
54443180 54450587
54454248 54454572
54456781 54464251
54471600 54473589
54483080 54483878
54641797 54703702
54659796 54672092
54665857 54703702
54739262 54790063
54739264 54748836
54739264 54790059
55003577 55004592
55200212 55201285
55289847 55289969
55409867 55412238
55410145 55412065
55410255 55411949
55410400 55410565
55410673 55410814
55411490 55411564
55412050 55412099
55412050 55412158
55412050 55412206
55418684 55419927
55429062 55431563
55444040 55447372
55444040 55451527
55445966 55447375
55461402 55499288
55537411 55579008
55577999 55579172
55581800 55586211
55652769 55656732
55679717 55681872
55683212 55683833
55715700 55722651
55807209 55807903
55815516 55826650
55825588 55826353
55920571 55921332
55922794 55923943
55947545 55948569
55954450 55999169
56151615 56155680
56151615 56156062
56151622 56155476
56201110 56201949
56201976 56202469
56323983 56324855
56382049 56383008
56399351 56400437
56403660 56405017
56511051 56519530
56511051 56519538
56522428 56553597
56522430 56523843
56525294 56525980
56525294 56526108
56527151 56534189
56628571 56629500
56774934 56775556
56777586 56778686
56816235 56819532
56938738 56941927
56938943 56965303
56949152 56950246
56988924 56992323
56990106 56992158
57127870 57145267
57151346 57156455
57157976 57161625
57203044 57207954
57245009 57342339
57245009 57342339
57327966 57342339
57327966 57342339
57373195 57376960
57375926 57376960
57383231 57384380
57398804 57411445
57413091 57457053
57516347 57525901
57516348 57525805
57516348 57526370
57671525 57680212
57672881 57673476
57676335 57678080
57712711 57777125
57747928 57758428
57769450 57776773
57777244 57783253
57780262 57782980
57782292 57783266
57789882 57791023
57790579 57834535
57791444 57833792
57797507 57817140
57801745 57813390
57835363 57836484
57844568 57853136
57854748 57863393
57854783 57863404
57883553 57889505
57890109 57893367
57962892 58052405
58089732 58091012
58089753 58090425
58108796 58109227
58140604 58143714
58150742 58177169
58175716 58177166
58272290 58363443
58366999 58373497
58372337 58372966
58374937 58375137
58457410 58470749
58478458 58486095
58529620 58531181
58533854 58535077
58574900 58601382
58674619 58744944
58720339 58744924
58782529 58819617
58825601 58838992
58828157 58846492
58843944 58846707
58849091 58852161
58849110 58850215
58849110 58850842
58849195 58851148
58855455 58857625
58857744 58859423
58857992 58858891
58880505 58888640
58880882 58888640
58923104 58939912
58949142 58949917
58949142 58950073
58949707 58977404
58950847 58951766
58959118 59018979
58991460 59019147
59028230 59030311
59037258 59046770
59047300 59048824
59054123 59060339
59054171 59060348
59054175 59059960
59054187 59060347
59054192 59060339
59060987 59066930
59060989 59066664
59060992 59064726
59061118 59066713
59342803 59346245
59451743 59452855
60156590 60156679
60156590 60157067
60161203 60164566
60179764 60198936
60202334 60217548
60230349 60242062
60242484 60262798
60274143 60274708
60275527 60276319
60285469 60288089
60285469 60288326
60328471 60331653
60341819 60343505
60357841 60361224
60357844 60361220
60357853 60361215
60398860 60432148
60452384 60467889
60456876 60457770
60462783 60467889
60467981 60479385
60467984 60478479
60486446 60496469
60486720 60487347
60494399 60495351
60544251 60554702
60544251 60554724
60572808 60573769
60608199 60608970
60635094 60635837
60647237 60648543
60664178 60667675
60666153 60667671
60666374 60667669
60668401 60680883
60668507 60681162
60678848 60681093
60704351 60704581
60708140 60716756
60712006 60713312
60720298 60721022
60725067 60745695
60778309 60779025
60781420 60798952
60793311 60798955
60799895 60811594
60799904 60811595
60818519 60826457
60830411 60833262
60831648 60836459
60831865 60836464
60846149 60846778
60848605 60851398
60851261 60856710
60928732 60958104
61149754 61150776
61150652 61152720
61151994 61153257
